1
0.992115
0.968683
0.931476
0.889042
0.869743
0.94656
1.27756
2.16592
4.14352
8.08187
15.3344
27.9142
-27.9142
-15.3344
-8.08187
-4.14352
-2.16592
-1.27756
-0.94656
-0.869743
-0.889042
-0.931476
-0.968683
-0.992115
-1
-0.992115
-0.968683
-0.931476
-0.889042
-0.869743
-0.94656
-1.27756
-2.16592
-4.14352
-8.08187
-15.3344
-27.9142
27.9142
15.3344
8.08187
4.14352
2.16592
1.27756
0.94656
0.869743
0.889042
0.931476
0.968683
0.992115
1
0.992115
0.968683
0.931476
0.889042
0.869743
0.94656
1.27756
2.16592
4.14352
8.08187
15.3344
27.9142
-27.9142
-15.3344
-8.08187
-4.14352
-2.16592
-1.27756
-0.94656
-0.869743
-0.889042
-0.931476
-0.968683
-0.992115
-1
-0.992115
-0.968683
-0.931476
-0.889042
-0.869743
-0.94656
-1.27756
-2.16592
-4.14352
-8.08187
-15.3344
-27.9142
27.9142
15.3344
8.08187
4.14352
2.16592
1.27756
0.94656
0.869743
0.889042
0.931476
0.968683
0.992115